# Created by Octave 4.2.2, Thu May 17 16:43:49 2018 CEST <pabloarranzropero@eduroam119216.eduroam.ucm.es>
# name: jtrain
# type: matrix
# rows: 1
# columns: 7
 0.1560897158786668 0.07572598299233435 0.09091144393384348 0.1452412436749145 0.1624766224666699 0.2476277019244257 0.3238012885897364


# name: jval
# type: matrix
# rows: 1
# columns: 7
 0.8260351138012246 0.4030793501187695 0.3962323219163752 0.6262198366161551 0.7881350354888668 1.066576395807281 1.294694800915906


# name: lambda
# type: matrix
# rows: 1
# columns: 7
 0.01 0.03 0.1 0.3 1 3 10


