# Created by Octave 4.2.2, Thu May 17 16:12:24 2018 CEST <pabloarranzropero@eduroam119216.eduroam.ucm.es>
# name: jtrain
# type: matrix
# rows: 1
# columns: 8
 0.001948822694691041 0.00397805553946765 0.008255374468853513 0.01558678611516298 0.03200835573873143 0.0585619647016631 0.1025519799395596 0.1551806853090969


# name: jval
# type: matrix
# rows: 1
# columns: 8
 0.1593687192773943 0.1533941413303844 0.181500232866333 0.2038068524344294 0.2107573489644269 0.2587156232526338 0.3497962352458691 0.5061303871314589


# name: lambda
# type: matrix
# rows: 1
# columns: 8
 0.01 0.03 0.1 0.3 1 3 10 30


