# Created by Octave 4.2.2, Sat May 19 12:27:53 2018 CEST <pabloarranzropero@Pablos-Mac.local>
# name: jtrain
# type: matrix
# rows: 1
# columns: 7
 0.001488169442173883 0.003832281488421589 0.01050710768523685 0.02675189723618301 0.06992441413174454 0.15746542612394 0.3366382973956409


# name: jval
# type: matrix
# rows: 1
# columns: 7
 0.4395084825180898 0.3986406519301843 0.3661620172060025 0.3765409101069609 0.4600822866077569 0.6619441708866809 1.1075463770457


# name: lambda
# type: matrix
# rows: 1
# columns: 7
 0.01 0.03 0.1 0.3 1 3 10


