# Created by Octave 4.2.2, Wed May 16 17:12:13 2018 CEST <apacheuser@Apache>
# name: jtrain
# type: matrix
# rows: 1
# columns: 8
 0.004679995273563164 0.01068138935087287 0.01898321465851609 0.03273995422681567 0.04802727530640754 0.07848984994908229 0.126542294758644 0.1705701579611208


# name: jval
# type: matrix
# rows: 1
# columns: 8
 NaN NaN NaN 0.3359681977139151 0.2868161195630091 0.340394674389887 0.4732781364922193 0.6076288095387579


# name: lambda
# type: matrix
# rows: 1
# columns: 8
 0.01 0.03 0.1 0.3 1 3 10 30


