# Created by Octave 4.2.2, Thu May 17 19:12:19 2018 DST <pablo@DESKTOP-GR8BQUO>
# name: jtrain
# type: matrix
# rows: 1
# columns: 8
 0.00137314190135701 0.003070170476908609 0.007209918835686427 0.01477028310687763 0.03144411679229886 0.05811621966211272 0.1025427514239403 0.1551806853090969


# name: jval
# type: matrix
# rows: 1
# columns: 8
 0.2468652523122046 0.2420942559960683 0.219439162768052 0.2036520646082638 0.2115560127008276 0.2519652772400905 0.3496965253116958 0.5061303871314586


# name: lambda
# type: matrix
# rows: 1
# columns: 8
 0.01 0.03 0.1 0.3 1 3 10 30


