# Created by Octave 4.2.2, Thu May 17 19:55:16 2018 DST <pablo@DESKTOP-GR8BQUO>
# name: jtrain
# type: matrix
# rows: 1
# columns: 7
 0.001434042120017243 0.003359655583437276 0.00843117546452541 0.01943283042613079 0.04820513704222427 0.1093583408399975 0.2059447380210339


# name: jval
# type: matrix
# rows: 1
# columns: 7
 0.2369609558180209 0.1020775297058564 0.1785744196334849 0.2105001560298756 0.2723893353469138 0.4622874508637655 0.6578009651869146


# name: lambda
# type: matrix
# rows: 1
# columns: 7
 0.01 0.03 0.1 0.3 1 3 10


