# Created by Octave 4.2.2, Sat May 19 12:24:33 2018 CEST <pabloarranzropero@Pablos-Mac.local>
# name: jtrain
# type: matrix
# rows: 1
# columns: 8
 0.005658481697449588 0.01177171995541986 0.02441756961585436 0.0452852572164711 0.08110600448786484 0.1266535331898946 0.1912755781748185 0.2593709865827453


# name: jval
# type: matrix
# rows: 1
# columns: 8
 0.2297523089346426 0.2022214801111908 0.2223524421620665 0.2490053777530463 0.3203159501481523 0.4294188941399287 0.6220216483247187 0.8885193767543724


# name: lambda
# type: matrix
# rows: 1
# columns: 8
 0.01 0.03 0.1 0.3 1 3 10 30


